192 32 34 255
147 32 37 255
210 86 0 255
227 176 20 255
137 149 73 255
95 129 64 255
0 124 64 255
71 129 159 255
32 86 141 255
DIV: Standards

130 40 32 255
86 32 30 255
149 57 0 255
147 105 15 255
76 105 39 255
32 81 10 255
0 52 42 255
30 74 107 255
13 42 73 255
DIV: Darkened

202 149 159 255
219 146 134 255
214 156 108 255
224 197 125 255
164 181 108 255
139 190 120 255
132 188 141 255
154 183 181 255
137 164 185 255
DIV: Pastels

74 40 91 255
156 90 62 255
153 105 69 255
166 144 90 255
88 100 59 255
69 105 66 255
39 76 56 255
81 117 130 255
62 85 115 255
DIV: Dulled

248 207 170 255
221 180 137 255
192 149 110 255
159 115 81 255
119 83 56 255
81 54 35 255
47 30 18 255
28 17 8 255
15 8 5 255
DIV: Browns

234 229 226 255
217 210 204 255
185 180 170 255
153 149 141 255
112 110 110 255
79 74 76 255
47 45 47 255
25 23 27 255
0 0 0 255
DIV: Greys

190 193 200 142
25 30 39 168
134 173 219 142
183 166 147 255
136 117 100 255
96 81 66 255
166 161 139 255
122 115 96 255
81 76 64 255
DIV: Glass/Stone

255 255 255 0
DIV: Invisible

